25 147.24708819389343
50 458.0613708496094
75 794.8986444473267
100 1126.9786171913147
125 1370.3354287147522
150 1607.411313533783
175 1885.4839026927948
200 2089.8394174575806
225 2340.8299067020416
250 2545.976482629776
275 2722.6323556900024
300 2895.3591663837433
325 3096.8033831119537
350 3259.9338040351868
375 3404.4304389953613
400 3581.247641801834
425 3757.0476632118225
450 3919.1052675247192
475 4082.956981420517
500 4259.187758684158
525 4367.447809457779
550 4479.422255516052
575 4582.318741321564
600 4718.915952205658
625 4831.285542726517
650 4978.938466310501
675 5105.445441007614
700 5204.510639429092
725 5311.580951213837
750 5400.241972208023
775 5480.309671640396
800 5560.843025684357
825 5651.111859798431
850 5721.062049150467
875 5812.28742647171
900 5907.962965488434
925 6003.677048921585
950 6079.27462553978
975 6168.122646808624
1000 6245.611211776733
1025 6306.874709606171
1050 6385.343482971191
1075 6459.332802772522
1100 6534.411746501923
1125 6623.6925365924835
1150 6730.126378536224
1175 6792.182676315308
1200 6849.5272097587585
1225 6919.292585134506
1250 6978.397533655167
1275 7046.75425696373
1300 7155.269927024841
1325 7246.418302059174
1350 7346.583545923233
1375 7463.058881282806
1400 7605.0084092617035
1425 7712.20800948143
1450 7804.524642467499
1475 7890.159302949905
1500 8017.5411105155945
1525 8154.139468193054
1550 8277.977176189423
1575 8330.956221103668
1600 8465.796869039536
1625 8655.83929514885
1650 9089.079152345657
1675 9173.957356452942
1700 9275.706411123276
1725 9627.49486207962
1750 9928.266891002655
1775 10136.5652115345
1800 10417.045263767242
1825 10530.33076620102
1850 10854.543094873428
1875 11071.611305475235
1900 11507.94550204277
1925 11816.968260765076
1950 12050.428315877914
1975 12253.166267633438
2000 12506.704961538315
2025 12734.885477542877
2050 13068.606266975403
2075 13219.246534347534
2100 13425.374571800232
2125 13520.362222671509
2150 13696.648905038834
2175 13897.559677362442
2200 14309.58301949501
2225 14870.038640499115
2250 15344.472776412964
2275 15751.431764125824
2300 16098.159000635147
2325 16290.912316799164
2350 16492.45988178253
2375 16739.585947990417
2400 16939.179147720337
2425 17292.01967358589
2450 17430.564202547073
2475 17771.330475330353
2500 17857.782685041428
2525 18140.622983694077
2550 18480.438462018967
2575 18739.570634126663
2600 19135.01399230957
2625 19321.89034152031
2650 19502.30995941162
2675 19760.602296590805
2700 20178.93073296547
2725 20419.432126760483
2750 20744.454666614532
2775 21147.142442703247
2800 21669.943346261978
2825 22083.90789437294
2850 22489.045298814774
2875 22839.99980211258
2900 23332.063431739807
2925 23688.95678281784
2950 24135.085354804993
2975 24687.799283742905
3000 25063.36694073677